25503580
38598226
23947287
27565758
447317111
402576555
5970160
23630128
520819684
390527713
59905809
431073645
519872016
406636263
39627524
10119428
255263412
11742550
540564177
508416316
1123353719
651386960
946974
49246269
207261582
261485584
17819768
297344797
18202105
63486758
1195284234
1646036311
1335713025
125526
517327498
72270557
17134369
514924891
546195
321422126
3066511
2206456
337521240
14871346
63231
31438993
163637592
7481602
1140672573
547072854
37663924
42561463
1241806378
386869863
1455861172
26240675
14048220
562197
323024456
3816626
698029620
113362335
493570956
1858861103
1968595
192090
99157282
686127
66607740
168598
40427625
627888730
14583962
5818410
50660116
405370021
39737405
8096990
1982668634
337312411
27717433
2142762
452412746
15892313
730732
888465
5294454
25150941
10698584
280793434
474803476
304578055
1577804
8960728
297786973
21869937
297882491
25876945
927587
18343098